14
2944.1401597976483 4634.966165963032
556.1274478709313 1215.420934603249
4446.951609292579 5316.746706418416
1535.8610612614514 1664.930742422824
4857.9356860157195 5170.04411036759
326.78870994841 3913.2252682516823
1851.7387137702838 1816.9393785349803
2203.6942881333985 4858.218423744651
4035.0161964823674 2618.9050364095274
526.6244070330508 2286.5082067869444
1557.2418312930304 5085.574899609507
4728.401447458963 4678.213488149455
329.9153735670565 882.9191442408928
3648.251998864001 3262.5333301588516
